TESTS
-----------
Sample output
lattice is default 1e-10 .
ix is default 0 .
iy is default 1e-10 .
iz is default 0 .
angularMomentum is default 1.05457e-34 .
mass is default 1.67262e-27 .
nX is default 100 .
nY is default 10 .
nZ is default 100 .


Final Metric pertubation is
[ ... 
7.22658e-24 2.66598e-31 1.6857e-24 3.36312e-44 ; 
2.66598e-31 3.27508e-24 -1.53735e-31 -2.32335e-42 ; 
1.6857e-24 -1.53735e-31 6.76414e-25 1.25696e-42 ; 
3.36312e-44 -2.32335e-42 1.25696e-42 3.27508e-24 ]


No Spin Metric pertubation is 
[ ... 
7.22658e-24 -7.41875e-41 1.6857e-24 1.68716e-41 ; 
-7.41875e-41 3.27508e-24 2.76511e-42 -3.44719e-43 ; 
1.6857e-24 2.76511e-42 6.76414e-25 -1.6164e-42 ; 
1.68716e-41 -3.44719e-43 -1.6164e-42 3.27508e-24 ]


Diff in Metric pertubation is 
[ ... 
6.09985e-16 -3.59357e+09 -1.43825e-14 -0.998007 ; 
-3.59357e+09 -4.48651e-15 -5.5598e+10 5.73984 ; 
-1.43825e-14 -5.5598e+10 -1.30337e-14 -1.77763 ; 
-0.998007 5.73984 -1.77763 -1.7946e-15 ]

g in X direction is -DelPhi, so -h_00/2: -2.16732e-25
g in Y direction is -DelPhi, so -h_00/2: -6.33825e-16
g in Z direction is -DelPhi, so -h_00/2: 7.34684e-27
Approx is: 3.69044e-14

grav is [3](-1.30775e-32,-6.33825e-16,-4.62204e-33)

Program ended with exit code: 0
