TESTS
-----------
Run test to determine if I get Newtonian gravity out of this. 
lattice is default 0.1 .
ix is default 0 .
iy is default 95 .
iz is default 0 .
ahbar is default 0.5 .
nX is default 100 .
nY is default 100 .
nZ is default 100 .
Metric pertubation is now is
[ ... 
3.5116e-20 1.84311e-21 3.50191e-20 1.84311e-21 ; 
1.84311e-21 9.67382e-23 1.83803e-21 9.67382e-23 ; 
3.50191e-20 1.83803e-21 3.49225e-20 1.83803e-21 ; 
1.84311e-21 9.67382e-23 1.83803e-21 9.67382e-23 ]


Final Metric pertubation is now is
[ ... 
3.34691e-14 1.67289e-17 3.34411e-14 1.67288e-17 ; 
1.67289e-17 2.7966e-17 1.67009e-17 8.35449e-21 ; 
3.34411e-14 1.67009e-17 3.34132e-14 1.67008e-17 ; 
1.67288e-17 8.35449e-21 1.67008e-17 2.7966e-17 ]
Program ended with exit code: 0


// with no spin almost same results at this distant location, 
lattice is default 0.1 .
ix is default 0 .
iy is default 95 .
iz is default 0 .
ahbar set to 0 
nX is default 100 .
nY is default 100 .
nZ is default 100 .
Metric pertubation is now is
[ ... 
3.5116e-20 1.84311e-21 3.50191e-20 1.84311e-21 ; 
1.84311e-21 9.67382e-23 1.83803e-21 9.67382e-23 ; 
3.50191e-20 1.83803e-21 3.49225e-20 1.83803e-21 ; 
1.84311e-21 9.67382e-23 1.83803e-21 9.67382e-23 ]


Final Metric pertubation is now is
[ ... 
3.34691e-14 1.67288e-17 3.34411e-14 1.67288e-17 ; 
1.67288e-17 2.7966e-17 1.67008e-17 8.35447e-21 ; 
3.34411e-14 1.67008e-17 3.34132e-14 1.67008e-17 ; 
1.67288e-17 8.35447e-21 1.67008e-17 2.7966e-17 ]
Program ended with exit code: 0


TEST for spin effects
0 spin close to cube
lattice is default 0.1 .
ix is default 0 .
iy is default 5 .
iz is default 0 .
ahbar is default 0 .
nX is default 1000 .
nY is default 10 .
nZ is default 1000 .


Final Metric pertubation is now is
[ ... 
7.94921e-40 3.86456e-43 1.98203e-40 3.86456e-43 ; 
3.86456e-43 3.59091e-40 3.77282e-44 1.74104e-46 ; 
1.98203e-40 3.77282e-44 7.67388e-41 3.77282e-44 ; 
3.86456e-43 1.74104e-46 3.77282e-44 3.59091e-40 ]


lattice is default 0.1 .
ix is default 0 .
iy is default 5 .
iz is default 0 .
ahbar is default 0.5 .
nX is default 1000 .
nY is default 10 .
nZ is default 1000 .


Final Metric pertubation is now is
[ ... 
7.94921e-40 3.86458e-43 1.98203e-40 3.86456e-43 ; 
3.86458e-43 3.59091e-40 3.77275e-44 1.74104e-46 ; 
1.98203e-40 3.77275e-44 7.67388e-41 3.77282e-44 ; 
3.86456e-43 1.74104e-46 3.77282e-44 3.59091e-40 ]
Program ended with exit code: 0

lattice is default 0.1 .
ix is default 0 .
iy is default 1 .
iz is default 0 .
ahbar is default 0.5 .
nX is default 1000 .
nY is default 10 .
nZ is default 1000 .


Final Metric pertubation is now is
[ ... 
8.53488e-40 3.89945e-43 8.21803e-41 3.89943e-43 ; 
3.89945e-43 4.15735e-40 1.01746e-44 1.75547e-46 ; 
8.21803e-41 1.01746e-44 2.2019e-41 1.01764e-44 ; 
3.89943e-43 1.75547e-46 1.01764e-44 4.15735e-40 ]

01234567890123456789
0.00000000000000010515445489757326

